(kicad_pcb (version 20171130) (host pcbnew 5.0.2-bee76a0~70~ubuntu18.04.1)

  (general
    (thickness 1.6)
    (drawings 62)
    (tracks 711)
    (zones 0)
    (modules 54)
    (nets 101)
  )

  (page A4)
  (layers
    (0 F.Cu signal)
    (31 B.Cu signal)
    (32 B.Adhes user)
    (33 F.Adhes user)
    (34 B.Paste user hide)
    (35 F.Paste user)
    (36 B.SilkS user)
    (37 F.SilkS user hide)
    (38 B.Mask user)
    (39 F.Mask user)
    (40 Dwgs.User user hide)
    (41 Cmts.User user hide)
    (42 Eco1.User user hide)
    (43 Eco2.User user)
    (44 Edge.Cuts user)
    (45 Margin user hide)
    (46 B.CrtYd user hide)
    (47 F.CrtYd user hide)
    (48 B.Fab user hide)
    (49 F.Fab user hide)
  )

  (setup
    (last_trace_width 0.25)
    (user_trace_width 0.1)
    (user_trace_width 0.5)
    (trace_clearance 0.09)
    (zone_clearance 0.508)
    (zone_45_only no)
    (trace_min 0.1)
    (segment_width 0.2)
    (edge_width 0.1)
    (via_size 0.45)
    (via_drill 0.2)
    (via_min_size 0.45)
    (via_min_drill 0.2)
    (uvia_size 0.3)
    (uvia_drill 0.1)
    (uvias_allowed no)
    (uvia_min_size 0.2)
    (uvia_min_drill 0.1)
    (pcb_text_width 0.3)
    (pcb_text_size 1.5 1.5)
    (mod_edge_width 0.15)
    (mod_text_size 1 1)
    (mod_text_width 0.15)
    (pad_size 1.4986 0.3048)
    (pad_drill 0)
    (pad_to_mask_clearance 0)
    (solder_mask_min_width 0.25)
    (aux_axis_origin 0 0)
    (visible_elements FEFFA67F)
    (pcbplotparams
      (layerselection 0x010fc_ffffffff)
      (usegerberextensions false)
      (usegerberattributes false)
      (usegerberadvancedattributes false)
      (creategerberjobfile false)
      (excludeedgelayer true)
      (linewidth 0.100000)
      (plotframeref false)
      (viasonmask false)
      (mode 1)
      (useauxorigin false)
      (hpglpennumber 1)
      (hpglpenspeed 20)
      (hpglpendiameter 15.000000)
      (psnegative false)
      (psa4output false)
      (plotreference true)
      (plotvalue true)
      (plotinvisibletext false)
      (padsonsilk false)
      (subtractmaskfromsilk false)
      (outputformat 1)
      (mirror false)
      (drillshape 0)
      (scaleselection 1)
      (outputdirectory "./"))
  )

  (net 0 "")
  (net 1 +BATT)
  (net 2 BATT_ADC)
  (net 3 +3V3)
  (net 4 +5V)
  (net 5 VBUS)
  (net 6 ADDR_LED_PANEL_1_PWM)
  (net 7 RESET)
  (net 8 "Net-(C12-Pad2)")
  (net 9 "Net-(C13-Pad2)")
  (net 10 BUTTON1)
  (net 11 "Net-(D1-Pad2)")
  (net 12 "Net-(D2-Pad2)")
  (net 13 "Net-(D3-Pad2)")
  (net 14 USART_2_RX)
  (net 15 USART_2_TX)
  (net 16 BT_RX)
  (net 17 BT_TX)
  (net 18 SWCLK)
  (net 19 SWDIO)
  (net 20 BT_SWCLK)
  (net 21 BT_SWDIO)
  (net 22 BT_RST)
  (net 23 ADDR_LED_BACKUP_PWM)
  (net 24 BATT_ADC_ENABLE)
  (net 25 "Net-(Q1-Pad3)")
  (net 26 "Net-(R1-Pad2)")
  (net 27 "Net-(R5-Pad1)")
  (net 28 GREEN_LED)
  (net 29 BT_RED_LED)
  (net 30 I2C1_SDA)
  (net 31 I2C1_SCL)
  (net 32 I2C2_SDA)
  (net 33 I2C2_SCL)
  (net 34 "Net-(U1-PadP$2)")
  (net 35 "Net-(U1-PadP$5)")
  (net 36 BT_GPIO_3)
  (net 37 BT_GPIO_2)
  (net 38 BT_GPIO_1)
  (net 39 BT_GPIO_0)
  (net 40 "Net-(U1-PadP$A1)")
  (net 41 "Net-(U1-PadP$A2)")
  (net 42 "Net-(U1-PadP$A3)")
  (net 43 "Net-(U1-PadP$A4)")
  (net 44 "Net-(U1-PadP$A5)")
  (net 45 "Net-(U1-PadP$B1)")
  (net 46 "Net-(U1-PadP$B2)")
  (net 47 "Net-(U1-PadP$B3)")
  (net 48 "Net-(U1-PadP$B4)")
  (net 49 "Net-(U1-PadP$B5)")
  (net 50 "Net-(U1-PadP$C1)")
  (net 51 "Net-(U1-PadP$C2)")
  (net 52 "Net-(U1-PadP$C3)")
  (net 53 "Net-(U1-PadP$C4)")
  (net 54 "Net-(U1-PadP$C5)")
  (net 55 "Net-(U1-PadP$D1)")
  (net 56 "Net-(U1-PadP$D2)")
  (net 57 "Net-(U1-PadP$D3)")
  (net 58 "Net-(U1-PadP$D4)")
  (net 59 "Net-(U1-PadP$D5)")
  (net 60 ACCEL_EXTI_1)
  (net 61 ACCEL_EXTI_2)
  (net 62 "Net-(U3-Pad8)")
  (net 63 "Net-(U5-Pad4)")
  (net 64 "Net-(U5A1-Pad3)")
  (net 65 "Net-(U5A1-Pad4)")
  (net 66 "Net-(U5A1-Pad5)")
  (net 67 "Net-(U5A1-Pad6)")
  (net 68 "Net-(U5A1-Pad8)")
  (net 69 "Net-(U5A1-Pad9)")
  (net 70 "Net-(U5A1-Pad15)")
  (net 71 "Net-(U5A1-Pad20)")
  (net 72 "Net-(U5A1-Pad23)")
  (net 73 "Net-(U5A1-Pad26)")
  (net 74 "Net-(U5A1-Pad28)")
  (net 75 "Net-(U5A1-Pad33)")
  (net 76 "Net-(U5A1-Pad39)")
  (net 77 "Net-(U5A1-Pad40)")
  (net 78 "Net-(U5A1-Pad41)")
  (net 79 D-)
  (net 80 D+)
  (net 81 "Net-(U5A1-Pad50)")
  (net 82 "Net-(U5A1-Pad53)")
  (net 83 "Net-(U5A1-Pad54)")
  (net 84 SWO)
  (net 85 "Net-(U5A1-Pad56)")
  (net 86 "Net-(U5A1-Pad57)")
  (net 87 "Net-(USB_MICRO_CONN1-Pad4)")
  (net 88 BOOST_ENABLE)
  (net 89 "Net-(C6-Pad2)")
  (net 90 "Net-(R17-Pad2)")
  (net 91 GND)
  (net 92 "Net-(C15-Pad1)")
  (net 93 CHARGER_STAT2)
  (net 94 CHARGER_STAT1)
  (net 95 TEST_GPIO2)
  (net 96 TEST_GPIO1)
  (net 97 TEST_GPIO0)
  (net 98 "Net-(U2-Pad12)")
  (net 99 "Net-(U2-Pad11)")
  (net 100 "Net-(U2-Pad10)")

  (net_class Default "This is the default net class."
    (clearance 0.09)
    (trace_width 0.25)
    (via_dia 0.45)
    (via_drill 0.2)
    (uvia_dia 0.3)
    (uvia_drill 0.1)
    (add_net +3V3)
    (add_net +5V)
    (add_net +BATT)
    (add_net ACCEL_EXTI_1)
    (add_net ACCEL_EXTI_2)
    (add_net ADDR_LED_BACKUP_PWM)
    (add_net ADDR_LED_PANEL_1_PWM)
    (add_net BATT_ADC)
    (add_net BATT_ADC_ENABLE)
    (add_net BOOST_ENABLE)
    (add_net BT_GPIO_0)
    (add_net BT_GPIO_1)
    (add_net BT_GPIO_2)
    (add_net BT_GPIO_3)
    (add_net BT_RED_LED)
    (add_net BT_RST)
    (add_net BT_RX)
    (add_net BT_SWCLK)
    (add_net BT_SWDIO)
    (add_net BT_TX)
    (add_net BUTTON1)
    (add_net CHARGER_STAT1)
    (add_net CHARGER_STAT2)
    (add_net D+)
    (add_net D-)
    (add_net GND)
    (add_net GREEN_LED)
    (add_net I2C1_SCL)
    (add_net I2C1_SDA)
    (add_net I2C2_SCL)
    (add_net I2C2_SDA)
    (add_net "Net-(C12-Pad2)")
    (add_net "Net-(C13-Pad2)")
    (add_net "Net-(C15-Pad1)")
    (add_net "Net-(C6-Pad2)")
    (add_net "Net-(D1-Pad2)")
    (add_net "Net-(D2-Pad2)")
    (add_net "Net-(D3-Pad2)")
    (add_net "Net-(Q1-Pad3)")
    (add_net "Net-(R1-Pad2)")
    (add_net "Net-(R17-Pad2)")
    (add_net "Net-(R5-Pad1)")
    (add_net "Net-(U1-PadP$2)")
    (add_net "Net-(U1-PadP$5)")
    (add_net "Net-(U1-PadP$A1)")
    (add_net "Net-(U1-PadP$A2)")
    (add_net "Net-(U1-PadP$A3)")
    (add_net "Net-(U1-PadP$A4)")
    (add_net "Net-(U1-PadP$A5)")
    (add_net "Net-(U1-PadP$B1)")
    (add_net "Net-(U1-PadP$B2)")
    (add_net "Net-(U1-PadP$B3)")
    (add_net "Net-(U1-PadP$B4)")
    (add_net "Net-(U1-PadP$B5)")
    (add_net "Net-(U1-PadP$C1)")
    (add_net "Net-(U1-PadP$C2)")
    (add_net "Net-(U1-PadP$C3)")
    (add_net "Net-(U1-PadP$C4)")
    (add_net "Net-(U1-PadP$C5)")
    (add_net "Net-(U1-PadP$D1)")
    (add_net "Net-(U1-PadP$D2)")
    (add_net "Net-(U1-PadP$D3)")
    (add_net "Net-(U1-PadP$D4)")
    (add_net "Net-(U1-PadP$D5)")
    (add_net "Net-(U2-Pad10)")
    (add_net "Net-(U2-Pad11)")
    (add_net "Net-(U2-Pad12)")
    (add_net "Net-(U3-Pad8)")
    (add_net "Net-(U5-Pad4)")
    (add_net "Net-(U5A1-Pad15)")
    (add_net "Net-(U5A1-Pad20)")
    (add_net "Net-(U5A1-Pad23)")
    (add_net "Net-(U5A1-Pad26)")
    (add_net "Net-(U5A1-Pad28)")
    (add_net "Net-(U5A1-Pad3)")
    (add_net "Net-(U5A1-Pad33)")
    (add_net "Net-(U5A1-Pad39)")
    (add_net "Net-(U5A1-Pad4)")
    (add_net "Net-(U5A1-Pad40)")
    (add_net "Net-(U5A1-Pad41)")
    (add_net "Net-(U5A1-Pad5)")
    (add_net "Net-(U5A1-Pad50)")
    (add_net "Net-(U5A1-Pad53)")
    (add_net "Net-(U5A1-Pad54)")
    (add_net "Net-(U5A1-Pad56)")
    (add_net "Net-(U5A1-Pad57)")
    (add_net "Net-(U5A1-Pad6)")
    (add_net "Net-(U5A1-Pad8)")
    (add_net "Net-(U5A1-Pad9)")
    (add_net "Net-(USB_MICRO_CONN1-Pad4)")
    (add_net RESET)
    (add_net SWCLK)
    (add_net SWDIO)
    (add_net SWO)
    (add_net TEST_GPIO0)
    (add_net TEST_GPIO1)
    (add_net TEST_GPIO2)
    (add_net USART_2_RX)
    (add_net USART_2_TX)
    (add_net VBUS)
  )

  (module Package_QFP:LQFP-64-1EP_10x10mm_P0.5mm_EP6.5x6.5mm (layer F.Cu) (tedit 5A65E699) (tstamp 5EFC1B60)
    (at 128.389571 75.373695 270)
    (descr "64 LEAD LQFP 10x10mm (see MICREL LQFP10x10-64LD-PL-1.pdf and http://www.nxp.com/files/shared/doc/package_info/98ARH98426A.pdf for EP)")
    (tags "QFP 0.5")
    (path /5EBCCABA)
    (attr smd)
    (fp_text reference U5A1 (at 8 -8 90) (layer F.SilkS)
      (effects (font (size 1 1) (thickness 0.15)))
    )
    (fp_text value STM32L452RETx (at 0 7.2 270) (layer F.Fab)
      (effects (font (size 1 1) (thickness 0.15)))
    )
    (fp_line (start 5 5) (end 5 -5) (layer F.Fab) (width 0.1))
    (fp_line (start -5 5) (end 5 5) (layer F.Fab) (width 0.1))
    (fp_line (start -5 -4) (end -5 5) (layer F.Fab) (width 0.1))
    (fp_line (start -4 -5) (end -5 -4) (layer F.Fab) (width 0.1))
    (fp_line (start 5 -5) (end -4 -5) (layer F.Fab) (width 0.1))
    (fp_line (start -5.175 -4.1) (end -6.2 -4.1) (layer F.SilkS) (width 0.15))
    (fp_line (start 5.175 -5.175) (end 4.1 -5.175) (layer F.SilkS) (width 0.15))
    (fp_line (start 5.175 5.175) (end 4.1 5.175) (layer F.SilkS) (width 0.15))
    (fp_line (start -5.175 5.175) (end -4.1 5.175) (layer F.SilkS) (width 0.15))
    (fp_line (start -5.175 -5.175) (end -4.1 -5.175) (layer F.SilkS) (width 0.15))
    (fp_line (start -5.175 5.175) (end -5.175 4.1) (layer F.SilkS) (width 0.15))
    (fp_line (start 5.175 5.175) (end 5.175 4.1) (layer F.SilkS) (width 0.15))
    (fp_line (start 5.175 -5.175) (end 5.175 -4.1) (layer F.SilkS) (width 0.15))
    (fp_line (start -5.175 -5.175) (end -5.175 -4.1) (layer F.SilkS) (width 0.15))
    (fp_line (start -6.45 6.45) (end 6.45 6.45) (layer F.CrtYd) (width 0.05))
    (fp_line (start -6.45 -6.45) (end 6.45 -6.45) (layer F.CrtYd) (width 0.05))
    (fp_line (start 6.45 -6.45) (end 6.45 6.45) (layer F.CrtYd) (width 0.05))
    (fp_line (start -6.45 -6.45) (end -6.45 6.45) (layer F.CrtYd) (width 0.05))
    (fp_text user %R (at 0 0 270) (layer F.Fab)
      (effects (font (size 1 1) (thickness 0.15)))
    )
    (pad "" smd rect (at 2.6 2.6 270) (size 1.01 1.01) (layers F.Paste))
    (pad "" smd rect (at 1.3 2.6 270) (size 1.01 1.01) (layers F.Paste))
    (pad "" smd rect (at 0 2.6 270) (size 1.01 1.01) (layers F.Paste))
    (pad "" smd rect (at -1.3 2.6 270) (size 1.01 1.01) (layers F.Paste))
    (pad "" smd rect (at -2.6 2.6 270) (size 1.01 1.01) (layers F.Paste))
    (pad "" smd rect (at 2.6 1.3 270) (size 1.01 1.01) (layers F.Paste))
    (pad "" smd rect (at 1.3 1.3 270) (size 1.01 1.01) (layers F.Paste))
    (pad "" smd rect (at 0 1.3 270) (size 1.01 1.01) (layers F.Paste))
    (pad "" smd rect (at -1.3 1.3 270) (size 1.01 1.01) (layers F.Paste))
    (pad "" smd rect (at -2.6 1.3 270) (size 1.01 1.01) (layers F.Paste))
    (pad "" smd rect (at 2.6 0 270) (size 1.01 1.01) (layers F.Paste))
    (pad "" smd rect (at 1.3 0 270) (size 1.01 1.01) (layers F.Paste))
    (pad "" smd rect (at 0 0 270) (size 1.01 1.01) (layers F.Paste))
    (pad "" smd rect (at -1.3 0 270) (size 1.01 1.01) (layers F.Paste))
    (pad "" smd rect (at -2.6 0 270) (size 1.01 1.01) (layers F.Paste))
    (pad "" smd rect (at 2.6 -1.3 270) (size 1.01 1.01) (layers F.Paste))
    (pad "" smd rect (at 1.3 -1.3 270) (size 1.01 1.01) (layers F.Paste))
    (pad "" smd rect (at 0 -1.3 270) (size 1.01 1.01) (layers F.Paste))
    (pad "" smd rect (at -1.3 -1.3 270) (size 1.01 1.01) (layers F.Paste))
    (pad "" smd rect (at -2.6 -1.3 270) (size 1.01 1.01) (layers F.Paste))
    (pad "" smd rect (at 2.6 -2.6 270) (size 1.01 1.01) (layers F.Paste))
    (pad "" smd rect (at 1.3 -2.6 270) (size 1.01 1.01) (layers F.Paste))
    (pad "" smd rect (at 0 -2.6 270) (size 1.01 1.01) (layers F.Paste))
    (pad "" smd rect (at -1.3 -2.6 270) (size 1.01 1.01) (layers F.Paste))
    (pad "" smd rect (at -2.6 -2.6 270) (size 1.01 1.01) (layers F.Paste))
    (pad 65 smd rect (at 0 0 270) (size 6.5 6.5) (layers F.Cu F.Mask))
    (pad 64 smd rect (at -3.75 -5.7) (size 1 0.25) (layers F.Cu F.Paste F.Mask)
      (net 3 +3V3))
    (pad 63 smd rect (at -3.25 -5.7) (size 1 0.25) (layers F.Cu F.Paste F.Mask)
      (net 91 GND))
    (pad 62 smd rect (at -2.75 -5.7) (size 1 0.25) (layers F.Cu F.Paste F.Mask)
      (net 96 TEST_GPIO1))
    (pad 61 smd rect (at -2.25 -5.7) (size 1 0.25) (layers F.Cu F.Paste F.Mask)
      (net 97 TEST_GPIO0))
    (pad 60 smd rect (at -1.75 -5.7) (size 1 0.25) (layers F.Cu F.Paste F.Mask)
      (net 27 "Net-(R5-Pad1)"))
    (pad 59 smd rect (at -1.25 -5.7) (size 1 0.25) (layers F.Cu F.Paste F.Mask)
      (net 61 ACCEL_EXTI_2))
    (pad 58 smd rect (at -0.75 -5.7) (size 1 0.25) (layers F.Cu F.Paste F.Mask)
      (net 60 ACCEL_EXTI_1))
    (pad 57 smd rect (at -0.25 -5.7) (size 1 0.25) (layers F.Cu F.Paste F.Mask)
      (net 86 "Net-(U5A1-Pad57)"))
    (pad 56 smd rect (at 0.25 -5.7) (size 1 0.25) (layers F.Cu F.Paste F.Mask)
      (net 85 "Net-(U5A1-Pad56)"))
    (pad 55 smd rect (at 0.75 -5.7) (size 1 0.25) (layers F.Cu F.Paste F.Mask)
      (net 84 SWO))
    (pad 54 smd rect (at 1.25 -5.7) (size 1 0.25) (layers F.Cu F.Paste F.Mask)
      (net 83 "Net-(U5A1-Pad54)"))
    (pad 53 smd rect (at 1.75 -5.7) (size 1 0.25) (layers F.Cu F.Paste F.Mask)
      (net 82 "Net-(U5A1-Pad53)"))
    (pad 52 smd rect (at 2.25 -5.7) (size 1 0.25) (layers F.Cu F.Paste F.Mask)
      (net 17 BT_TX))
    (pad 51 smd rect (at 2.75 -5.7) (size 1 0.25) (layers F.Cu F.Paste F.Mask)
      (net 16 BT_RX))
    (pad 50 smd rect (at 3.25 -5.7) (size 1 0.25) (layers F.Cu F.Paste F.Mask)
      (net 81 "Net-(U5A1-Pad50)"))
    (pad 49 smd rect (at 3.75 -5.7) (size 1 0.25) (layers F.Cu F.Paste F.Mask)
      (net 18 SWCLK))
    (pad 48 smd rect (at 5.7 -3.75 270) (size 1 0.25) (layers F.Cu F.Paste F.Mask)
      (net 3 +3V3))
    (pad 47 smd rect (at 5.7 -3.25 270) (size 1 0.25) (layers F.Cu F.Paste F.Mask)
      (net 91 GND))
    (pad 46 smd rect (at 5.7 -2.75 270) (size 1 0.25) (layers F.Cu F.Paste F.Mask)
      (net 19 SWDIO))
    (pad 45 smd rect (at 5.7 -2.25 270) (size 1 0.25) (layers F.Cu F.Paste F.Mask)
      (net 80 D+))
    (pad 44 smd rect (at 5.7 -1.75 270) (size 1 0.25) (layers F.Cu F.Paste F.Mask)
      (net 79 D-))
    (pad 43 smd rect (at 5.7 -1.25 270) (size 1 0.25) (layers F.Cu F.Paste F.Mask)
      (net 30 I2C1_SDA))
    (pad 42 smd rect (at 5.7 -0.75 270) (size 1 0.25) (layers F.Cu F.Paste F.Mask)
      (net 31 I2C1_SCL))
    (pad 41 smd rect (at 5.7 -0.25 270) (size 1 0.25) (layers F.Cu F.Paste F.Mask)
      (net 78 "Net-(U5A1-Pad41)"))
    (pad 40 smd rect (at 5.7 0.25 270) (size 1 0.25) (layers F.Cu F.Paste F.Mask)
      (net 77 "Net-(U5A1-Pad40)"))
    (pad 39 smd rect (at 5.7 0.75 270) (size 1 0.25) (layers F.Cu F.Paste F.Mask)
      (net 76 "Net-(U5A1-Pad39)"))
    (pad 38 smd rect (at 5.7 1.25 270) (size 1 0.25) (layers F.Cu F.Paste F.Mask)
      (net 88 BOOST_ENABLE))
    (pad 37 smd rect (at 5.7 1.75 270) (size 1 0.25) (layers F.Cu F.Paste F.Mask)
      (net 24 BATT_ADC_ENABLE))
    (pad 36 smd rect (at 5.7 2.25 270) (size 1 0.25) (layers F.Cu F.Paste F.Mask)
      (net 93 CHARGER_STAT2))
    (pad 35 smd rect (at 5.7 2.75 270) (size 1 0.25) (layers F.Cu F.Paste F.Mask)
      (net 94 CHARGER_STAT1))
    (pad 34 smd rect (at 5.7 3.25 270) (size 1 0.25) (layers F.Cu F.Paste F.Mask)
      (net 33 I2C2_SCL))
    (pad 33 smd rect (at 5.7 3.75 270) (size 1 0.25) (layers F.Cu F.Paste F.Mask)
      (net 75 "Net-(U5A1-Pad33)"))
    (pad 32 smd rect (at 3.75 5.7) (size 1 0.25) (layers F.Cu F.Paste F.Mask)
      (net 3 +3V3))
    (pad 31 smd rect (at 3.25 5.7) (size 1 0.25) (layers F.Cu F.Paste F.Mask)
      (net 91 GND))
    (pad 30 smd rect (at 2.75 5.7) (size 1 0.25) (layers F.Cu F.Paste F.Mask)
      (net 32 I2C2_SDA))
    (pad 29 smd rect (at 2.25 5.7) (size 1 0.25) (layers F.Cu F.Paste F.Mask)
      (net 95 TEST_GPIO2))
    (pad 28 smd rect (at 1.75 5.7) (size 1 0.25) (layers F.Cu F.Paste F.Mask)
      (net 74 "Net-(U5A1-Pad28)"))
    (pad 27 smd rect (at 1.25 5.7) (size 1 0.25) (layers F.Cu F.Paste F.Mask)
      (net 6 ADDR_LED_PANEL_1_PWM))
    (pad 26 smd rect (at 0.75 5.7) (size 1 0.25) (layers F.Cu F.Paste F.Mask)
      (net 73 "Net-(U5A1-Pad26)"))
    (pad 25 smd rect (at 0.25 5.7) (size 1 0.25) (layers F.Cu F.Paste F.Mask)
      (net 36 BT_GPIO_3))
    (pad 24 smd rect (at -0.25 5.7) (size 1 0.25) (layers F.Cu F.Paste F.Mask)
      (net 37 BT_GPIO_2))
    (pad 23 smd rect (at -0.75 5.7) (size 1 0.25) (layers F.Cu F.Paste F.Mask)
      (net 72 "Net-(U5A1-Pad23)"))
    (pad 22 smd rect (at -1.25 5.7) (size 1 0.25) (layers F.Cu F.Paste F.Mask)
      (net 2 BATT_ADC))
    (pad 21 smd rect (at -1.75 5.7) (size 1 0.25) (layers F.Cu F.Paste F.Mask)
      (net 28 GREEN_LED))
    (pad 20 smd rect (at -2.25 5.7) (size 1 0.25) (layers F.Cu F.Paste F.Mask)
      (net 71 "Net-(U5A1-Pad20)"))
    (pad 19 smd rect (at -2.75 5.7) (size 1 0.25) (layers F.Cu F.Paste F.Mask)
      (net 3 +3V3))
    (pad 18 smd rect (at -3.25 5.7) (size 1 0.25) (layers F.Cu F.Paste F.Mask)
      (net 91 GND))
    (pad 17 smd rect (at -3.75 5.7) (size 1 0.25) (layers F.Cu F.Paste F.Mask)
      (net 14 USART_2_RX))
    (pad 16 smd rect (at -5.7 3.75 270) (size 1 0.25) (layers F.Cu F.Paste F.Mask)
      (net 15 USART_2_TX))
    (pad 15 smd rect (at -5.7 3.25 270) (size 1 0.25) (layers F.Cu F.Paste F.Mask)
      (net 70 "Net-(U5A1-Pad15)"))
    (pad 14 smd rect (at -5.7 2.75 270) (size 1 0.25) (layers F.Cu F.Paste F.Mask)
      (net 23 ADDR_LED_BACKUP_PWM))
    (pad 13 smd rect (at -5.7 2.25 270) (size 1 0.25) (layers F.Cu F.Paste F.Mask)
      (net 3 +3V3))
    (pad 12 smd rect (at -5.7 1.75 270) (size 1 0.25) (layers F.Cu F.Paste F.Mask)
      (net 91 GND))
    (pad 11 smd rect (at -5.7 1.25 270) (size 1 0.25) (layers F.Cu F.Paste F.Mask)
      (net 38 BT_GPIO_1))
    (pad 10 smd rect (at -5.7 0.75 270) (size 1 0.25) (layers F.Cu F.Paste F.Mask)
      (net 39 BT_GPIO_0))
    (pad 9 smd rect (at -5.7 0.25 270) (size 1 0.25) (layers F.Cu F.Paste F.Mask)
      (net 69 "Net-(U5A1-Pad9)"))
    (pad 8 smd rect (at -5.7 -0.25 270) (size 1 0.25) (layers F.Cu F.Paste F.Mask)
      (net 68 "Net-(U5A1-Pad8)"))
    (pad 7 smd rect (at -5.7 -0.75 270) (size 1 0.25) (layers F.Cu F.Paste F.Mask)
      (net 7 RESET))
    (pad 6 smd rect (at -5.7 -1.25 270) (size 1 0.25) (layers F.Cu F.Paste F.Mask)
      (net 67 "Net-(U5A1-Pad6)"))
    (pad 5 smd rect (at -5.7 -1.75 270) (size 1 0.25) (layers F.Cu F.Paste F.Mask)
      (net 66 "Net-(U5A1-Pad5)"))
    (pad 4 smd rect (at -5.7 -2.25 270) (size 1 0.25) (layers F.Cu F.Paste F.Mask)
      (net 65 "Net-(U5A1-Pad4)"))
    (pad 3 smd rect (at -5.7 -2.75 270) (size 1 0.25) (layers F.Cu F.Paste F.Mask)
      (net 64 "Net-(U5A1-Pad3)"))
    (pad 2 smd rect (at -5.7 -3.25 270) (size 1 0.25) (layers F.Cu F.Paste F.Mask)
      (net 10 BUTTON1))
    (pad 1 smd rect (at -5.7 -3.75 270) (size 1 0.25) (layers F.Cu F.Paste F.Mask)
      (net 3 +3V3))
    (model ${KISYS3DMOD}/Package_QFP.3dshapes/LQFP-64-1EP_10x10mm_P0.5mm_EP6.5x6.5mm.wrl
      (at (xyz 0 0 0))
      (scale (xyz 1 1 1))
      (rotate (xyz 0 0 0))
    )
  )

  (module Capacitor_SMD:C_0603_1608Metric_Pad1.05x0.95mm_HandSolder (layer F.Cu) (tedit 5B301BBE) (tstamp 5EFC1685)
    (at 135.759571 70.783695 90)
    (descr "Capacitor SMD 0603 (1608 Metric), square (rectangular) end terminal, IPC_7351 nominal with elongated pad for handsoldering. (Body size source: http://www.tortai-tech.com/upload/download/2011102023233369053.pdf), generated with kicad-footprint-generator")
    (tags "capacitor handsolder")
    (path /5EE590BE)
    (attr smd)
    (fp_text reference C1 (at 2.970592 0.306588 90) (layer F.SilkS)
      (effects (font (size 1 1) (thickness 0.15)))
    )
    (fp_text value 0.1uF (at 0 1.43 90) (layer F.Fab)
      (effects (font (size 1 1) (thickness 0.15)))
    )
    (fp_line (start -0.8 0.4) (end -0.8 -0.4) (layer F.Fab) (width 0.1))
    (fp_line (start -0.8 -0.4) (end 0.8 -0.4) (layer F.Fab) (width 0.1))
    (fp_line (start 0.8 -0.4) (end 0.8 0.4) (layer F.Fab) (width 0.1))
    (fp_line (start 0.8 0.4) (end -0.8 0.4) (layer F.Fab) (width 0.1))
    (fp_line (start -0.171267 -0.51) (end 0.171267 -0.51) (layer F.SilkS) (width 0.12))
    (fp_line (start -0.171267 0.51) (end 0.171267 0.51) (layer F.SilkS) (width 0.12))
    (fp_line (start -1.65 0.73) (end -1.65 -0.73) (layer F.CrtYd) (width 0.05))
    (fp_line (start -1.65 -0.73) (end 1.65 -0.73) (layer F.CrtYd) (width 0.05))
    (fp_line (start 1.65 -0.73) (end 1.65 0.73) (layer F.CrtYd) (width 0.05))
    (fp_line (start 1.65 0.73) (end -1.65 0.73) (layer F.CrtYd) (width 0.05))
    (fp_text user %R (at 0 0 90) (layer F.Fab)
      (effects (font (size 0.4 0.4) (thickness 0.06)))
    )
    (pad 1 smd roundrect (at -0.875 0 90) (size 1.05 0.95) (layers F.Cu F.Paste F.Mask) (roundrect_rratio 0.25)
      (net 3 +3V3))
    (pad 2 smd roundrect (at 0.875 0 90) (size 1.05 0.95) (layers F.Cu F.Paste F.Mask) (roundrect_rratio 0.25)
      (net 91 GND))
    (model ${KISYS3DMOD}/Capacitor_SMD.3dshapes/C_0603_1608Metric.wrl
      (at (xyz 0 0 0))
      (scale (xyz 1 1 1))
      (rotate (xyz 0 0 0))
    )
  )

  (module Capacitor_SMD:C_0603_1608Metric_Pad1.05x0.95mm_HandSolder (layer F.Cu) (tedit 5B301BBE) (tstamp 5EFC1696)
    (at 133.191159 83.813103)
    (descr "Capacitor SMD 0603 (1608 Metric), square (rectangular) end terminal, IPC_7351 nominal with elongated pad for handsoldering. (Body size source: http://www.tortai-tech.com/upload/download/2011102023233369053.pdf), generated with kicad-footprint-generator")
    (tags "capacitor handsolder")
    (path /5EE73B85)
    (attr smd)
    (fp_text reference C2 (at 0.77 -2) (layer F.SilkS)
      (effects (font (size 1 1) (thickness 0.15)))
    )
    (fp_text value 0.1uF (at 0 1.43) (layer F.Fab)
      (effects (font (size 1 1) (thickness 0.15)))
    )
    (fp_text user %R (at 0 0) (layer F.Fab)
      (effects (font (size 0.4 0.4) (thickness 0.06)))
    )
    (fp_line (start 1.65 0.73) (end -1.65 0.73) (layer F.CrtYd) (width 0.05))
    (fp_line (start 1.65 -0.73) (end 1.65 0.73) (layer F.CrtYd) (width 0.05))
    (fp_line (start -1.65 -0.73) (end 1.65 -0.73) (layer F.CrtYd) (width 0.05))
    (fp_line (start -1.65 0.73) (end -1.65 -0.73) (layer F.CrtYd) (width 0.05))
    (fp_line (start -0.171267 0.51) (end 0.171267 0.51) (layer F.SilkS) (width 0.12))
    (fp_line (start -0.171267 -0.51) (end 0.171267 -0.51) (layer F.SilkS) (width 0.12))
    (fp_line (start 0.8 0.4) (end -0.8 0.4) (layer F.Fab) (width 0.1))
    (fp_line (start 0.8 -0.4) (end 0.8 0.4) (layer F.Fab) (width 0.1))
    (fp_line (start -0.8 -0.4) (end 0.8 -0.4) (layer F.Fab) (width 0.1))
    (fp_line (start -0.8 0.4) (end -0.8 -0.4) (layer F.Fab) (width 0.1))
    (pad 2 smd roundrect (at 0.875 0) (size 1.05 0.95) (layers F.Cu F.Paste F.Mask) (roundrect_rratio 0.25)
      (net 91 GND))
    (pad 1 smd roundrect (at -0.875 0) (size 1.05 0.95) (layers F.Cu F.Paste F.Mask) (roundrect_rratio 0.25)
      (net 3 +3V3))
    (model ${KISYS3DMOD}/Capacitor_SMD.3dshapes/C_0603_1608Metric.wrl
      (at (xyz 0 0 0))
      (scale (xyz 1 1 1))
      (rotate (xyz 0 0 0))
    )
  )

  (module Capacitor_SMD:C_0603_1608Metric_Pad1.05x0.95mm_HandSolder (layer F.Cu) (tedit 5B301BBE) (tstamp 5EFC8CBA)
    (at 120.899571 80.138695 270)
    (descr "Capacitor SMD 0603 (1608 Metric), square (rectangular) end terminal, IPC_7351 nominal with elongated pad for handsoldering. (Body size source: http://www.tortai-tech.com/upload/download/2011102023233369053.pdf), generated with kicad-footprint-generator")
    (tags "capacitor handsolder")
    (path /5EE7C964)
    (attr smd)
    (fp_text reference C3 (at -3.125 0 270) (layer F.SilkS)
      (effects (font (size 1 1) (thickness 0.15)))
    )
    (fp_text value 0.1uF (at 0 1.43 270) (layer F.Fab)
      (effects (font (size 1 1) (thickness 0.15)))
    )
    (fp_line (start -0.8 0.4) (end -0.8 -0.4) (layer F.Fab) (width 0.1))
    (fp_line (start -0.8 -0.4) (end 0.8 -0.4) (layer F.Fab) (width 0.1))
    (fp_line (start 0.8 -0.4) (end 0.8 0.4) (layer F.Fab) (width 0.1))
    (fp_line (start 0.8 0.4) (end -0.8 0.4) (layer F.Fab) (width 0.1))
    (fp_line (start -0.171267 -0.51) (end 0.171267 -0.51) (layer F.SilkS) (width 0.12))
    (fp_line (start -0.171267 0.51) (end 0.171267 0.51) (layer F.SilkS) (width 0.12))
    (fp_line (start -1.65 0.73) (end -1.65 -0.73) (layer F.CrtYd) (width 0.05))
    (fp_line (start -1.65 -0.73) (end 1.65 -0.73) (layer F.CrtYd) (width 0.05))
    (fp_line (start 1.65 -0.73) (end 1.65 0.73) (layer F.CrtYd) (width 0.05))
    (fp_line (start 1.65 0.73) (end -1.65 0.73) (layer F.CrtYd) (width 0.05))
    (fp_text user %R (at 0 0 270) (layer F.Fab)
      (effects (font (size 0.4 0.4) (thickness 0.06)))
    )
    (pad 1 smd roundrect (at -0.875 0 270) (size 1.05 0.95) (layers F.Cu F.Paste F.Mask) (roundrect_rratio 0.25)
      (net 3 +3V3))
    (pad 2 smd roundrect (at 0.875 0 270) (size 1.05 0.95) (layers F.Cu F.Paste F.Mask) (roundrect_rratio 0.25)
      (net 91 GND))
    (model ${KISYS3DMOD}/Capacitor_SMD.3dshapes/C_0603_1608Metric.wrl
      (at (xyz 0 0 0))
      (scale (xyz 1 1 1))
      (rotate (xyz 0 0 0))
    )
  )

  (module Capacitor_SMD:C_0603_1608Metric_Pad1.05x0.95mm_HandSolder (layer F.Cu) (tedit 5B301BBE) (tstamp 5EFC16B8)
    (at 120.899571 73.138695 270)
    (descr "Capacitor SMD 0603 (1608 Metric), square (rectangular) end terminal, IPC_7351 nominal with elongated pad for handsoldering. (Body size source: http://www.tortai-tech.com/upload/download/2011102023233369053.pdf), generated with kicad-footprint-generator")
    (tags "capacitor handsolder")
    (path /5EE8573C)
    (attr smd)
    (fp_text reference C4 (at -3.125 0 270) (layer F.SilkS)
      (effects (font (size 1 1) (thickness 0.15)))
    )
    (fp_text value 0.1uF (at 0 1.43 270) (layer F.Fab)
      (effects (font (size 1 1) (thickness 0.15)))
    )
    (fp_text user %R (at 0 0 270) (layer F.Fab)
      (effects (font (size 0.4 0.4) (thickness 0.06)))
    )
    (fp_line (start 1.65 0.73) (end -1.65 0.73) (layer F.CrtYd) (width 0.05))
    (fp_line (start 1.65 -0.73) (end 1.65 0.73) (layer F.CrtYd) (width 0.05))
    (fp_line (start -1.65 -0.73) (end 1.65 -0.73) (layer F.CrtYd) (width 0.05))
    (fp_line (start -1.65 0.73) (end -1.65 -0.73) (layer F.CrtYd) (width 0.05))
    (fp_line (start -0.171267 0.51) (end 0.171267 0.51) (layer F.SilkS) (width 0.12))
    (fp_line (start -0.171267 -0.51) (end 0.171267 -0.51) (layer F.SilkS) (width 0.12))
    (fp_line (start 0.8 0.4) (end -0.8 0.4) (layer F.Fab) (width 0.1))
    (fp_line (start 0.8 -0.4) (end 0.8 0.4) (layer F.Fab) (width 0.1))
    (fp_line (start -0.8 -0.4) (end 0.8 -0.4) (layer F.Fab) (width 0.1))
    (fp_line (start -0.8 0.4) (end -0.8 -0.4) (layer F.Fab) (width 0.1))
    (pad 2 smd roundrect (at 0.875 0 270) (size 1.05 0.95) (layers F.Cu F.Paste F.Mask) (roundrect_rratio 0.25)
      (net 91 GND))
    (pad 1 smd roundrect (at -0.875 0 270) (size 1.05 0.95) (layers F.Cu F.Paste F.Mask) (roundrect_rratio 0.25)
      (net 3 +3V3))
    (model ${KISYS3DMOD}/Capacitor_SMD.3dshapes/C_0603_1608Metric.wrl
      (at (xyz 0 0 0))
      (scale (xyz 1 1 1))
      (rotate (xyz 0 0 0))
    )
  )

  (module Capacitor_SMD:C_0603_1608Metric_Pad1.05x0.95mm_HandSolder (layer B.Cu) (tedit 5B301BBE) (tstamp 5EFC16C9)
    (at 123.411404 90.191155 180)
    (descr "Capacitor SMD 0603 (1608 Metric), square (rectangular) end terminal, IPC_7351 nominal with elongated pad for handsoldering. (Body size source: http://www.tortai-tech.com/upload/download/2011102023233369053.pdf), generated with kicad-footprint-generator")
    (tags "capacitor handsolder")
    (path /5EEAF533)
    (attr smd)
    (fp_text reference C5 (at 0.875 1.43 180) (layer B.SilkS)
      (effects (font (size 1 1) (thickness 0.15)) (justify mirror))
    )
    (fp_text value 1uF (at 0 -1.43 180) (layer B.Fab)
      (effects (font (size 1 1) (thickness 0.15)) (justify mirror))
    )
    (fp_line (start -0.8 -0.4) (end -0.8 0.4) (layer B.Fab) (width 0.1))
    (fp_line (start -0.8 0.4) (end 0.8 0.4) (layer B.Fab) (width 0.1))
    (fp_line (start 0.8 0.4) (end 0.8 -0.4) (layer B.Fab) (width 0.1))
    (fp_line (start 0.8 -0.4) (end -0.8 -0.4) (layer B.Fab) (width 0.1))
    (fp_line (start -0.171267 0.51) (end 0.171267 0.51) (layer B.SilkS) (width 0.12))
    (fp_line (start -0.171267 -0.51) (end 0.171267 -0.51) (layer B.SilkS) (width 0.12))
    (fp_line (start -1.65 -0.73) (end -1.65 0.73) (layer B.CrtYd) (width 0.05))
    (fp_line (start -1.65 0.73) (end 1.65 0.73) (layer B.CrtYd) (width 0.05))
    (fp_line (start 1.65 0.73) (end 1.65 -0.73) (layer B.CrtYd) (width 0.05))
    (fp_line (start 1.65 -0.73) (end -1.65 -0.73) (layer B.CrtYd) (width 0.05))
    (fp_text user %R (at 0 0 180) (layer B.Fab)
      (effects (font (size 0.4 0.4) (thickness 0.06)) (justify mirror))
    )
    (pad 1 smd roundrect (at -0.875 0 180) (size 1.05 0.95) (layers B.Cu B.Paste B.Mask) (roundrect_rratio 0.25)
      (net 5 VBUS))
    (pad 2 smd roundrect (at 0.875 0 180) (size 1.05 0.95) (layers B.Cu B.Paste B.Mask) (roundrect_rratio 0.25)
      (net 91 GND))
    (model ${KISYS3DMOD}/Capacitor_SMD.3dshapes/C_0603_1608Metric.wrl
      (at (xyz 0 0 0))
      (scale (xyz 1 1 1))
      (rotate (xyz 0 0 0))
    )
  )

  (module Capacitor_SMD:C_0603_1608Metric_Pad1.05x0.95mm_HandSolder (layer B.Cu) (tedit 5B301BBE) (tstamp 5F09725B)
    (at 118.536404 92.191155)
    (descr "Capacitor SMD 0603 (1608 Metric), square (rectangular) end terminal, IPC_7351 nominal with elongated pad for handsoldering. (Body size source: http://www.tortai-tech.com/upload/download/2011102023233369053.pdf), generated with kicad-footprint-generator")
    (tags "capacitor handsolder")
    (path /5EFBB5E4)
    (attr smd)
    (fp_text reference C6 (at -0.125 -2) (layer B.SilkS)
      (effects (font (size 1 1) (thickness 0.15)) (justify mirror))
    )
    (fp_text value 1uF (at 0 -1.43) (layer B.Fab)
      (effects (font (size 1 1) (thickness 0.15)) (justify mirror))
    )
    (fp_line (start -0.8 -0.4) (end -0.8 0.4) (layer B.Fab) (width 0.1))
    (fp_line (start -0.8 0.4) (end 0.8 0.4) (layer B.Fab) (width 0.1))
    (fp_line (start 0.8 0.4) (end 0.8 -0.4) (layer B.Fab) (width 0.1))
    (fp_line (start 0.8 -0.4) (end -0.8 -0.4) (layer B.Fab) (width 0.1))
    (fp_line (start -0.171267 0.51) (end 0.171267 0.51) (layer B.SilkS) (width 0.12))
    (fp_line (start -0.171267 -0.51) (end 0.171267 -0.51) (layer B.SilkS) (width 0.12))
    (fp_line (start -1.65 -0.73) (end -1.65 0.73) (layer B.CrtYd) (width 0.05))
    (fp_line (start -1.65 0.73) (end 1.65 0.73) (layer B.CrtYd) (width 0.05))
    (fp_line (start 1.65 0.73) (end 1.65 -0.73) (layer B.CrtYd) (width 0.05))
    (fp_line (start 1.65 -0.73) (end -1.65 -0.73) (layer B.CrtYd) (width 0.05))
    (fp_text user %R (at 0 0) (layer B.Fab)
      (effects (font (size 0.4 0.4) (thickness 0.06)) (justify mirror))
    )
    (pad 1 smd roundrect (at -0.875 0) (size 1.05 0.95) (layers B.Cu B.Paste B.Mask) (roundrect_rratio 0.25)
      (net 1 +BATT))
    (pad 2 smd roundrect (at 0.875 0) (size 1.05 0.95) (layers B.Cu B.Paste B.Mask) (roundrect_rratio 0.25)
      (net 89 "Net-(C6-Pad2)"))
    (model ${KISYS3DMOD}/Capacitor_SMD.3dshapes/C_0603_1608Metric.wrl
      (at (xyz 0 0 0))
      (scale (xyz 1 1 1))
      (rotate (xyz 0 0 0))
    )
  )

  (module Capacitor_SMD:C_0603_1608Metric_Pad1.05x0.95mm_HandSolder (layer F.Cu) (tedit 5B301BBE) (tstamp 5EFC16EB)
    (at 119.031626 73.132166 90)
    (descr "Capacitor SMD 0603 (1608 Metric), square (rectangular) end terminal, IPC_7351 nominal with elongated pad for handsoldering. (Body size source: http://www.tortai-tech.com/upload/download/2011102023233369053.pdf), generated with kicad-footprint-generator")
    (tags "capacitor handsolder")
    (path /5ED59C90)
    (attr smd)
    (fp_text reference C7 (at 3.188471 -0.002055 90) (layer F.SilkS)
      (effects (font (size 1 1) (thickness 0.15)))
    )
    (fp_text value C_Small (at 0 1.43 90) (layer F.Fab)
      (effects (font (size 1 1) (thickness 0.15)))
    )
    (fp_line (start -0.8 0.4) (end -0.8 -0.4) (layer F.Fab) (width 0.1))
    (fp_line (start -0.8 -0.4) (end 0.8 -0.4) (layer F.Fab) (width 0.1))
    (fp_line (start 0.8 -0.4) (end 0.8 0.4) (layer F.Fab) (width 0.1))
    (fp_line (start 0.8 0.4) (end -0.8 0.4) (layer F.Fab) (width 0.1))
    (fp_line (start -0.171267 -0.51) (end 0.171267 -0.51) (layer F.SilkS) (width 0.12))
    (fp_line (start -0.171267 0.51) (end 0.171267 0.51) (layer F.SilkS) (width 0.12))
    (fp_line (start -1.65 0.73) (end -1.65 -0.73) (layer F.CrtYd) (width 0.05))
    (fp_line (start -1.65 -0.73) (end 1.65 -0.73) (layer F.CrtYd) (width 0.05))
    (fp_line (start 1.65 -0.73) (end 1.65 0.73) (layer F.CrtYd) (width 0.05))
    (fp_line (start 1.65 0.73) (end -1.65 0.73) (layer F.CrtYd) (width 0.05))
    (fp_text user %R (at 0 0 90) (layer F.Fab)
      (effects (font (size 0.4 0.4) (thickness 0.06)))
    )
    (pad 1 smd roundrect (at -0.875 0 90) (size 1.05 0.95) (layers F.Cu F.Paste F.Mask) (roundrect_rratio 0.25)
      (net 6 ADDR_LED_PANEL_1_PWM))
    (pad 2 smd roundrect (at 0.875 0 90) (size 1.05 0.95) (layers F.Cu F.Paste F.Mask) (roundrect_rratio 0.25)
      (net 91 GND))
    (model ${KISYS3DMOD}/Capacitor_SMD.3dshapes/C_0603_1608Metric.wrl
      (at (xyz 0 0 0))
      (scale (xyz 1 1 1))
      (rotate (xyz 0 0 0))
    )
  )

  (module Capacitor_SMD:C_0603_1608Metric_Pad1.05x0.95mm_HandSolder (layer B.Cu) (tedit 5B301BBE) (tstamp 5EFC16FC)
    (at 121.745 63.86)
    (descr "Capacitor SMD 0603 (1608 Metric), square (rectangular) end terminal, IPC_7351 nominal with elongated pad for handsoldering. (Body size source: http://www.tortai-tech.com/upload/download/2011102023233369053.pdf), generated with kicad-footprint-generator")
    (tags "capacitor handsolder")
    (path /5EDDAC0D)
    (attr smd)
    (fp_text reference C8 (at 0 1.43) (layer B.SilkS)
      (effects (font (size 1 1) (thickness 0.15)) (justify mirror))
    )
    (fp_text value 10uF (at 0 -1.43) (layer B.Fab)
      (effects (font (size 1 1) (thickness 0.15)) (justify mirror))
    )
    (fp_line (start -0.8 -0.4) (end -0.8 0.4) (layer B.Fab) (width 0.1))
    (fp_line (start -0.8 0.4) (end 0.8 0.4) (layer B.Fab) (width 0.1))
    (fp_line (start 0.8 0.4) (end 0.8 -0.4) (layer B.Fab) (width 0.1))
    (fp_line (start 0.8 -0.4) (end -0.8 -0.4) (layer B.Fab) (width 0.1))
    (fp_line (start -0.171267 0.51) (end 0.171267 0.51) (layer B.SilkS) (width 0.12))
    (fp_line (start -0.171267 -0.51) (end 0.171267 -0.51) (layer B.SilkS) (width 0.12))
    (fp_line (start -1.65 -0.73) (end -1.65 0.73) (layer B.CrtYd) (width 0.05))
    (fp_line (start -1.65 0.73) (end 1.65 0.73) (layer B.CrtYd) (width 0.05))
    (fp_line (start 1.65 0.73) (end 1.65 -0.73) (layer B.CrtYd) (width 0.05))
    (fp_line (start 1.65 -0.73) (end -1.65 -0.73) (layer B.CrtYd) (width 0.05))
    (fp_text user %R (at 0 0) (layer B.Fab)
      (effects (font (size 0.4 0.4) (thickness 0.06)) (justify mirror))
    )
    (pad 1 smd roundrect (at -0.875 0) (size 1.05 0.95) (layers B.Cu B.Paste B.Mask) (roundrect_rratio 0.25)
      (net 91 GND))
    (pad 2 smd roundrect (at 0.875 0) (size 1.05 0.95) (layers B.Cu B.Paste B.Mask) (roundrect_rratio 0.25)
      (net 1 +BATT))
    (model ${KISYS3DMOD}/Capacitor_SMD.3dshapes/C_0603_1608Metric.wrl
      (at (xyz 0 0 0))
      (scale (xyz 1 1 1))
      (rotate (xyz 0 0 0))
    )
  )

  (module Capacitor_SMD:C_0603_1608Metric_Pad1.05x0.95mm_HandSolder (layer F.Cu) (tedit 5B301BBE) (tstamp 5EFC170D)
    (at 131.325 93.77)
    (descr "Capacitor SMD 0603 (1608 Metric), square (rectangular) end terminal, IPC_7351 nominal with elongated pad for handsoldering. (Body size source: http://www.tortai-tech.com/upload/download/2011102023233369053.pdf), generated with kicad-footprint-generator")
    (tags "capacitor handsolder")
    (path /5EBF990E)
    (attr smd)
    (fp_text reference C9 (at 0 -1.43) (layer F.SilkS)
      (effects (font (size 1 1) (thickness 0.15)))
    )
    (fp_text value 100nF (at 0 1.43) (layer F.Fab)
      (effects (font (size 1 1) (thickness 0.15)))
    )
    (fp_text user %R (at 0 0) (layer F.Fab)
      (effects (font (size 0.4 0.4) (thickness 0.06)))
    )
    (fp_line (start 1.65 0.73) (end -1.65 0.73) (layer F.CrtYd) (width 0.05))
    (fp_line (start 1.65 -0.73) (end 1.65 0.73) (layer F.CrtYd) (width 0.05))
    (fp_line (start -1.65 -0.73) (end 1.65 -0.73) (layer F.CrtYd) (width 0.05))
    (fp_line (start -1.65 0.73) (end -1.65 -0.73) (layer F.CrtYd) (width 0.05))
    (fp_line (start -0.171267 0.51) (end 0.171267 0.51) (layer F.SilkS) (width 0.12))
    (fp_line (start -0.171267 -0.51) (end 0.171267 -0.51) (layer F.SilkS) (width 0.12))
    (fp_line (start 0.8 0.4) (end -0.8 0.4) (layer F.Fab) (width 0.1))
    (fp_line (start 0.8 -0.4) (end 0.8 0.4) (layer F.Fab) (width 0.1))
    (fp_line (start -0.8 -0.4) (end 0.8 -0.4) (layer F.Fab) (width 0.1))
    (fp_line (start -0.8 0.4) (end -0.8 -0.4) (layer F.Fab) (width 0.1))
    (pad 2 smd roundrect (at 0.875 0) (size 1.05 0.95) (layers F.Cu F.Paste F.Mask) (roundrect_rratio 0.25)
      (net 91 GND))
    (pad 1 smd roundrect (at -0.875 0) (size 1.05 0.95) (layers F.Cu F.Paste F.Mask) (roundrect_rratio 0.25)
      (net 7 RESET))
    (model ${KISYS3DMOD}/Capacitor_SMD.3dshapes/C_0603_1608Metric.wrl
      (at (xyz 0 0 0))
      (scale (xyz 1 1 1))
      (rotate (xyz 0 0 0))
    )
  )

  (module Capacitor_SMD:C_0603_1608Metric_Pad1.05x0.95mm_HandSolder (layer B.Cu) (tedit 5B301BBE) (tstamp 5EFC171E)
    (at 129.355 64.09 180)
    (descr "Capacitor SMD 0603 (1608 Metric), square (rectangular) end terminal, IPC_7351 nominal with elongated pad for handsoldering. (Body size source: http://www.tortai-tech.com/upload/download/2011102023233369053.pdf), generated with kicad-footprint-generator")
    (tags "capacitor handsolder")
    (path /5EE13E4C)
    (attr smd)
    (fp_text reference C10 (at 0.205 1.35 180) (layer B.SilkS)
      (effects (font (size 1 1) (thickness 0.15)) (justify mirror))
    )
    (fp_text value 10uF (at 0 -1.43 180) (layer B.Fab)
      (effects (font (size 1 1) (thickness 0.15)) (justify mirror))
    )
    (fp_text user %R (at 0 0 180) (layer B.Fab)
      (effects (font (size 0.4 0.4) (thickness 0.06)) (justify mirror))
    )
    (fp_line (start 1.65 -0.73) (end -1.65 -0.73) (layer B.CrtYd) (width 0.05))
    (fp_line (start 1.65 0.73) (end 1.65 -0.73) (layer B.CrtYd) (width 0.05))
    (fp_line (start -1.65 0.73) (end 1.65 0.73) (layer B.CrtYd) (width 0.05))
    (fp_line (start -1.65 -0.73) (end -1.65 0.73) (layer B.CrtYd) (width 0.05))
    (fp_line (start -0.171267 -0.51) (end 0.171267 -0.51) (layer B.SilkS) (width 0.12))
    (fp_line (start -0.171267 0.51) (end 0.171267 0.51) (layer B.SilkS) (width 0.12))
    (fp_line (start 0.8 -0.4) (end -0.8 -0.4) (layer B.Fab) (width 0.1))
    (fp_line (start 0.8 0.4) (end 0.8 -0.4) (layer B.Fab) (width 0.1))
    (fp_line (start -0.8 0.4) (end 0.8 0.4) (layer B.Fab) (width 0.1))
    (fp_line (start -0.8 -0.4) (end -0.8 0.4) (layer B.Fab) (width 0.1))
    (pad 2 smd roundrect (at 0.875 0 180) (size 1.05 0.95) (layers B.Cu B.Paste B.Mask) (roundrect_rratio 0.25)
      (net 91 GND))
    (pad 1 smd roundrect (at -0.875 0 180) (size 1.05 0.95) (layers B.Cu B.Paste B.Mask) (roundrect_rratio 0.25)
      (net 4 +5V))
    (model ${KISYS3DMOD}/Capacitor_SMD.3dshapes/C_0603_1608Metric.wrl
      (at (xyz 0 0 0))
      (scale (xyz 1 1 1))
      (rotate (xyz 0 0 0))
    )
  )

  (module Capacitor_SMD:C_0603_1608Metric_Pad1.05x0.95mm_HandSolder (layer B.Cu) (tedit 5B301BBE) (tstamp 5EFC172F)
    (at 143.205 62.299396 180)
    (descr "Capacitor SMD 0603 (1608 Metric), square (rectangular) end terminal, IPC_7351 nominal with elongated pad for handsoldering. (Body size source: http://www.tortai-tech.com/upload/download/2011102023233369053.pdf), generated with kicad-footprint-generator")
    (tags "capacitor handsolder")
    (path /5EE78050)
    (attr smd)
    (fp_text reference C11 (at 0 1.43 180) (layer B.SilkS)
      (effects (font (size 1 1) (thickness 0.15)) (justify mirror))
    )
    (fp_text value 100nF (at 0 -1.43 180) (layer B.Fab)
